1 0 15.606642214767032
2 0 15.606642214767032
3 0 15.606642214767032
4 0 15.606642214767032
5 0 15.606642214767032
6 1 13.299041911840295
7 1 13.299041911840295
8 1 13.299041911840295
9 1 13.299041911840295
10 1 13.299041911840295
11 2 14.431502215479282
12 2 14.431502215479282
13 2 14.431502215479282
14 2 14.431502215479282
15 2 14.431502215479282
16 3 10.745499841060187
17 3 10.745499841060187
18 3 10.745499841060187
19 3 10.745499841060187
20 3 10.745499841060187
21 4 10.322150761170942
22 4 10.322150761170942
23 4 10.322150761170942
24 4 10.322150761170942
25 4 10.322150761170942
26 5 10.067231002741387
27 5 10.067231002741387
28 5 10.067231002741387
29 5 10.067231002741387
30 5 10.067231002741387
31 6 12.656413450481875
32 6 12.656413450481875
33 6 12.656413450481875
34 6 12.656413450481875
35 6 12.656413450481875
36 7 11.700621445996195
37 7 11.700621445996195
38 7 11.700621445996195
39 7 11.700621445996195
40 7 11.700621445996195
41 8 8.803883156037946
42 8 8.803883156037946
43 8 8.803883156037946
44 8 8.803883156037946
45 8 8.803883156037946
46 9 5.558328622416509
47 10 2.5345658039630834
48 11 2.686866861018737
49 12 2.6867958333605144
50 13 2.3566159810631007
51 14 2.351956269573779
52 15 2.6285006619490456
53 16 2.4956390963724866
54 17 2.280133794420609
55 18 2.5267060086742155
56 19 2.7746198934336004
57 20 2.8848439841127016
58 21 3.075216940746308
59 22 3.1768678695814825
60 23 3.5375530851446215
61 24 3.844713059425372
62 25 4.275409786138494
63 26 4.4961286373662475
64 27 4.253575891609026
65 28 4.085966414095241
66 29 4.533498738991149
67 30 4.68351857211787
68 31 4.368033350295405
69 32 4.513506993609675
70 33 4.9879469635193425
71 34 4.972878756722936
72 35 4.766266194387062
73 36 5.252806595543795
74 37 5.5305466117414905
75 38 5.551443196800258
76 39 5.465116898508063
77 40 5.810644014443859
78 41 6.208189640990296
79 42 6.13603506294276
80 43 6.087398543184064
81 44 6.555726174163015
82 45 6.756503901478872
83 46 6.724962487464599
84 47 6.863827117021534
85 48 7.3090871971341205
86 49 7.6634864252786326
87 50 7.725337476425418
88 51 8.187275539975284
89 52 8.40312675308043
90 53 8.619397529794378
91 54 8.661622751283527
92 55 8.652733796969537
93 56 8.984039583302241
94 57 8.612174157379386
95 58 8.343975470541107
96 59 8.345646405628816
97 60 7.997557377031698
98 61 7.74770592939223
99 62 7.607851321305526
100 63 7.467561550379748
101 64 7.1555413488082324
102 65 6.953961371739981
103 66 6.763898076743029
104 67 6.36026520160798
105 68 6.288029685685046
106 69 6.303393856988656
107 70 6.082817057818284
108 71 5.944188638151408
109 72 5.6333888782479935
110 73 5.484290605200119
111 74 5.4073339732634915
112 75 5.418528732950787
113 76 5.045318946436266
114 77 4.73667352316406
115 78 4.90608252969995
116 79 4.923869539852908
117 80 4.482542667203479
118 81 4.3464895730525015
119 82 4.594187161710759
120 83 4.440686390575602
121 84 4.002639395133025
122 85 4.130295796398612
123 86 4.310877743822868
124 87 3.935966902053765
125 88 3.7426195320906714
126 89 4.099355172726083
127 90 4.078771012970854
128 91 3.651980296549117
129 92 3.721848875600589
130 93 4.085021667030172
131 94 3.8891987143359183
132 95 3.673218150297796
133 96 3.3157525843357787
134 97 3.0228624846374967
135 98 2.9413275042839895
136 99 2.682171621211447
137 100 2.8545859469387382
138 101 3.142158132424215
139 102 2.956362830701765
140 103 2.8041895340660132
141 104 3.1851908972467697
142 105 3.3580125651974755
143 106 3.1252918279582516
144 107 3.223002829627468
145 108 3.6500713367173603
146 109 3.6739182858563986
147 110 3.484635802231257
148 111 3.803909740278047
149 112 4.192199948556214
150 113 4.022564317459161
151 114 4.177242818303367
152 115 4.590582742695545
153 116 4.980394680155476
154 117 4.8972410388645855
155 118 5.380824676199194
156 119 5.360269224914325
157 120 5.04088281765159
158 121 5.208747767872475
159 122 4.812190904752182
160 123 4.9353960006245154
161 124 4.855571540037994
162 125 4.3459212740801485
163 126 4.283957177397344
164 127 4.250096716057795
165 128 4.079854720694658
166 129 3.6805739078305697
167 130 3.5966515860163812
168 131 3.6266646780464775
169 132 3.243758827948859
170 133 2.9961032812865787
171 134 3.0690686080279113
172 135 2.9802814913713926
173 136 2.6274237321945635
174 137 2.5272648568648153
175 138 2.717375190137604
176 139 2.9852865009193574
177 140 3.317547537315736
178 141 3.626217893263231
179 142 3.9989052656897752
180 143 4.324259391224445
181 144 4.695986187470829
182 145 4.450169395367642
183 146 4.281020896400362
184 147 4.7629013477293
185 148 4.988161850608473
186 149 4.719811480888202
187 150 4.656591066306525
188 151 5.082989230874805
189 152 5.001062093147421
190 153 5.196347226262139
191 154 5.039119356170824
192 155 5.274588062462641
193 156 5.064756426595207
194 157 4.568237154956186
195 158 4.643253956648249
196 159 4.814719367294381
197 160 4.411773124812566
198 161 4.01356213007282
199 162 4.109458694523305
200 163 4.2628079971364
201 164 3.8448512207892676
202 165 3.495825059217823
203 166 3.786857769608747
204 167 3.8374339553707277
205 168 3.3733213036316783
206 169 3.2720577959517367
207 170 2.988083704901108
208 171 2.6579075229431024
209 172 2.571939518476394
210 173 2.262887109747927
211 174 2.345378569479059
212 175 2.311006642105989
213 176 2.4923890359831677
214 177 2.641229083288923
215 178 2.6527240977438704
216 179 2.4522413032151067
217 180 2.5692854698807834
218 181 2.8587303890716873
219 182 2.8307145153353823
220 183 2.816579668146895
221 184 3.1156590214885176
222 185 3.314112389497149
223 186 3.363924290537253
224 187 3.4495386222332263
225 188 3.7550456367257814
226 189 3.9414138079496994
227 190 4.131583358637068
228 191 4.277214742882593
229 192 4.717961677107541
230 193 4.959922205710111
231 194 5.196799078107366
232 195 5.096962713070294
233 196 4.69689698572532
234 197 4.483638053623294
235 198 4.622538790755347
236 199 4.497661581941812
237 200 4.092194140520781
238 201 3.9965391694470034
239 202 4.252718957370381
240 203 4.152694809457663
241 204 3.8710808737458877
242 205 3.5636457512256046
243 206 3.7249129840210506
244 207 3.9038185786206054
245 208 3.5632227499118128
246 209 3.359669923461446
247 210 3.6279669412142646
248 211 3.670323819503126
249 212 3.296905528152545
250 213 3.3256974834375908
251 214 3.659896003798593
252 215 3.5306506919219696
253 216 3.279815290818422
254 217 3.6246696236907603
255 218 3.776424817621341
256 219 3.7859836046219293
257 220 3.5405561353217627
258 221 3.1851907264125807
259 222 3.1854322865114995
260 223 3.4592914444364173
261 224 3.217009998534965
262 225 2.847070642972155
263 226 2.6862216998169863
264 227 2.8261115146725615
265 228 3.1477698260029636
266 229 3.157353686606301
267 230 3.084110442428112
268 231 3.4105937393512837
269 232 3.637682166969532
270 233 3.5735815974163003
271 234 3.674122536548348
272 235 4.031559195823944
273 236 4.136444828875427
274 237 4.239460768180293
275 238 4.396738875618853
276 239 4.6304323917211905
277 240 4.654000330030591
278 241 4.3151177086271675
279 242 4.6697712344028455
280 243 4.79044475212163
281 244 4.293072814358668
282 245 4.224972780527643
283 246 4.640111622584312
284 247 4.449353194408614
285 248 3.980541411931522
286 249 4.194705378621563
287 250 4.704819336511177
288 251 5.050967161113338
289 252 8.21569340548509
290 252 8.21569340548509
291 252 8.21569340548509
292 252 8.21569340548509
293 252 8.21569340548509
294 253 10.480215364741298
295 253 10.480215364741298
296 253 10.480215364741298
297 253 10.480215364741298
298 253 10.480215364741298
299 254 11.997578440315984
300 254 11.997578440315984
301 254 11.997578440315984
302 254 11.997578440315984
303 254 11.997578440315984
304 255 11.196204839486166
305 255 11.196204839486166
306 255 11.196204839486166
307 255 11.196204839486166
308 255 11.196204839486166
309 256 11.16685901626378
310 256 11.16685901626378
311 256 11.16685901626378
312 256 11.16685901626378
313 256 11.16685901626378
314 257 10.20687989265491
315 257 10.20687989265491
316 257 10.20687989265491
317 257 10.20687989265491
318 257 10.20687989265491
319 258 10.359240040459945
320 258 10.359240040459945
321 258 10.359240040459945
322 258 10.359240040459945
323 258 10.359240040459945
324 259 6.98148310789837
325 259 6.98148310789837
326 259 6.98148310789837
327 259 6.98148310789837
328 260 4.332058729711211
329 261 4.381314399356559
330 262 4.690544519856242
331 263 4.38926731715333
332 264 3.9962237102650633
333 265 4.271457932288741
334 266 4.4368081089218
335 267 4.003475864797663
336 268 3.920665397341807
337 269 4.336951907060583
338 270 4.288856910066026
339 271 3.9672500142093305
340 272 4.270478050999059
341 273 4.569110395195665
342 274 4.284131689942374
343 275 4.187366163265929
344 276 4.630526029125484
345 277 4.6949389063698135
346 278 4.542809382411524
347 279 4.86020795788765
348 280 4.726019512073888
349 281 4.934702552350566
350 282 5.356955569502965
351 283 5.603235842378053
352 284 5.954013371522304
353 285 5.680457883772997
354 286 5.45424246536565
355 287 5.891950792056469
356 288 6.134344756925734
357 289 5.984983907104794
358 290 6.1613383288014845
359 291 6.612278905303652
360 292 6.525961758305095
361 293 6.551831339610642
362 294 7.017136370762602
363 295 7.346321532194584
364 296 7.302159709412875
365 297 7.397562102536713
366 298 7.811178161749743
367 299 8.027794405727871
368 300 8.034122526038159
369 301 8.414146238823582
370 302 8.725638263530676
371 303 8.03784661926311
372 303 8.03784661926311
373 303 8.03784661926311
374 303 8.03784661926311
375 303 8.03784661926311
376 304 8.123424525582521
377 304 8.123424525582521
378 304 8.123424525582521
379 304 8.123424525582521
380 304 8.123424525582521
381 305 9.87433928688315
382 305 9.87433928688315
383 305 9.87433928688315
384 305 9.87433928688315
385 305 9.87433928688315
386 306 11.897009756041161
387 306 11.897009756041161
388 306 11.897009756041161
389 306 11.897009756041161
390 306 11.897009756041161
391 307 13.801717325625768
392 307 13.801717325625768
393 307 13.801717325625768
