1 0 5.840600485439684
2 0 5.840600485439684
3 0 5.840600485439684
4 0 5.840600485439684
5 0 5.840600485439684
6 1 5.0186198470669305
7 1 5.0186198470669305
8 2 0.0
9 3 0.0
10 4 0.0
11 5 0.0
12 6 0.0
13 7 0.0
14 8 0.0
15 9 0.0
16 10 0.0
17 11 0.0
18 12 0.0
19 13 0.0
20 14 0.0
21 15 0.0
22 16 0.0
23 17 0.0
24 18 0.0
25 19 0.0
26 20 0.0
27 21 0.0
28 22 0.0
29 23 0.0
30 24 0.0
31 25 0.0
32 26 0.0
33 27 0.0
34 28 0.0
35 29 0.0
36 30 0.0
37 31 0.0
38 32 0.0
39 33 0.0
40 34 0.0
41 35 0.0
42 36 0.0
43 37 0.0
44 38 0.0
45 39 0.0
46 40 0.0
47 41 0.0
48 42 0.0
49 43 0.0
50 44 0.0
51 45 0.0
52 46 0.0
53 47 0.0
54 48 0.0
55 49 0.0
56 50 0.0
57 51 0.0
58 52 0.0
59 53 0.0
60 54 0.0
61 55 0.0
62 56 0.0
63 57 0.0
64 58 0.0
65 59 0.0
66 60 0.0
67 61 0.0
68 62 0.0
69 63 0.0
70 64 0.0
71 65 0.0
72 66 0.0
73 67 0.0
74 68 0.0
75 69 0.0
76 70 0.0
77 71 0.0
78 72 0.0
79 73 0.0
80 74 0.0
81 75 0.0
82 76 0.0
83 77 0.0
84 78 0.0
85 79 0.0
86 80 0.0
87 81 0.0
88 82 0.0
89 83 0.0
90 84 0.0
91 85 0.0
92 86 0.0
93 87 0.0
94 88 0.0
95 89 0.0
96 90 0.0
97 91 0.0
98 92 0.0
99 93 0.0
100 94 0.0
101 95 0.0
102 96 0.0
103 97 0.0
104 98 0.0
105 99 0.0
106 100 0.0
107 101 0.0
108 102 0.0
109 103 0.0
110 104 0.0
111 105 0.0
112 106 0.0
113 107 0.0
114 108 0.0
115 109 0.0
116 110 0.0
117 111 0.0
118 112 0.0
119 113 0.0
120 114 0.0
121 115 0.0
122 116 0.0
123 117 0.0
124 118 0.0
125 119 0.0
126 120 0.0
127 121 0.0
128 122 0.0
129 123 0.0
130 124 0.0
131 125 0.0
132 126 0.0
133 127 0.0
134 128 0.0
135 129 0.0
136 130 0.0
137 131 0.0
138 132 0.0
139 133 0.0
140 134 0.0
141 135 0.0
142 136 0.0
143 137 0.0
144 138 0.0
145 139 0.0
146 140 5.816254862092622
147 140 5.816254862092622
148 140 5.816254862092622
149 140 5.816254862092622
150 140 5.816254862092622
151 141 10.93433133098596
152 141 10.93433133098596
153 141 10.93433133098596
154 141 10.93433133098596
155 141 10.93433133098596
156 142 12.02909204989742
157 142 12.02909204989742
158 142 12.02909204989742
159 142 12.02909204989742
160 142 12.02909204989742
161 143 10.030223849027097
162 143 10.030223849027097
163 143 10.030223849027097
164 143 10.030223849027097
165 143 10.030223849027097
166 144 9.797744314106817
167 144 9.797744314106817
168 144 9.797744314106817
169 144 9.797744314106817
170 144 9.797744314106817
171 145 10.639190071062693
172 145 10.639190071062693
173 145 10.639190071062693
174 145 10.639190071062693
175 145 10.639190071062693
176 146 11.785748482301278
177 146 11.785748482301278
178 146 11.785748482301278
179 146 11.785748482301278
180 146 11.785748482301278
181 147 10.1233089746086
182 147 10.1233089746086
183 147 10.1233089746086
184 147 10.1233089746086
185 147 10.1233089746086
186 148 7.954105750895425
187 148 7.954105750895425
188 148 7.954105750895425
189 148 7.954105750895425
190 148 7.954105750895425
191 149 11.974890391274947
192 149 11.974890391274947
193 149 11.974890391274947
194 149 11.974890391274947
195 149 11.974890391274947
196 150 13.633585585149211
197 150 13.633585585149211
198 150 13.633585585149211
199 150 13.633585585149211
200 150 13.633585585149211
201 151 11.838737894766926
202 151 11.838737894766926
203 151 11.838737894766926
204 151 11.838737894766926
205 151 11.838737894766926
206 152 13.612303838188115
207 152 13.612303838188115
208 152 13.612303838188115
209 152 13.612303838188115
210 152 13.612303838188115
211 153 11.15547257376906
212 153 11.15547257376906
213 153 11.15547257376906
214 153 11.15547257376906
215 153 11.15547257376906
216 154 7.654132654819413
217 154 7.654132654819413
218 154 7.654132654819413
219 154 7.654132654819413
220 154 7.654132654819413
221 155 8.108190828385972
222 155 8.108190828385972
223 155 8.108190828385972
224 155 8.108190828385972
225 155 8.108190828385972
226 156 4.64680290507977
227 156 4.64680290507977
228 156 4.64680290507977
229 156 4.64680290507977
230 156 4.64680290507977
231 157 7.210002038084297
232 157 7.210002038084297
233 157 7.210002038084297
234 157 7.210002038084297
235 157 7.210002038084297
236 158 10.726230435070136
237 158 10.726230435070136
238 158 10.726230435070136
239 158 10.726230435070136
240 158 10.726230435070136
241 159 9.882853616985468
242 159 9.882853616985468
243 159 9.882853616985468
244 159 9.882853616985468
245 159 9.882853616985468
246 160 8.045189622303836
247 160 8.045189622303836
248 160 8.045189622303836
249 160 8.045189622303836
250 160 8.045189622303836
251 161 6.506362654127582
252 161 6.506362654127582
253 161 6.506362654127582
254 161 6.506362654127582
255 161 6.506362654127582
256 162 8.097486906787157
257 162 8.097486906787157
258 162 8.097486906787157
259 162 8.097486906787157
260 162 8.097486906787157
261 163 7.377266746147923
262 163 7.377266746147923
263 163 7.377266746147923
264 163 7.377266746147923
265 163 7.377266746147923
266 164 5.479816386092602
267 164 5.479816386092602
268 165 3.545555428159617
269 166 3.4196420276521726
270 167 3.109209230310826
271 168 2.9532855958022357
272 169 2.8091352469553734
273 170 2.8686339665812643
274 171 3.1053648705006673
275 172 3.266767968459951
276 173 3.475101711882731
277 174 3.3241066246940623
278 175 3.4459097487518076
279 176 3.605389998557194
280 177 3.5581178640347386
281 178 3.6405023032118713
282 179 4.113562647705622
283 180 4.251766758416395
284 181 4.179425295198427
285 182 3.8746903269085986
286 183 3.998736875886733
287 184 3.7660203683797793
288 185 3.6107907643964667
289 186 3.589606010996928
290 187 3.750228424801483
291 188 4.112395506329486
292 189 4.1126051546827656
293 190 4.082841903347801
294 191 4.265041043151003
295 192 3.8025109122767375
296 193 3.442950076191397
297 194 3.3409895610168245
298 195 3.2349329500322956
299 196 3.350783648133179
300 197 2.9333014033178353
301 198 2.8145942019676964
302 199 2.983136775304335
303 200 2.8727699776000226
304 201 2.5008098436943147
305 202 2.516498584004676
306 203 2.7483115269244487
307 204 2.539004472107843
308 205 2.3486539775797053
309 206 2.6467660260369166
310 207 2.7670510688776657
311 208 2.4874232878635896
312 209 2.687178844832821
313 210 3.0521743329127506
314 211 3.267603414154893
315 212 3.4379662005037854
316 213 3.4043841801073835
317 214 3.8581397421646018
318 215 3.854409989199114
319 216 3.7559298489462605
320 217 4.224737058814532
321 218 6.740637778992925
