1 0 7.733294273675011
2 0 7.733294273675011
3 0 7.733294273675011
4 0 7.733294273675011
5 1 4.709362202681791
6 2 4.3934101998878905
7 3 4.397979453897879
8 4 4.7944966941460665
9 5 4.81489192855623
10 6 4.9725989676556415
11 7 5.0031997984667615
12 8 4.859259034615688
13 9 4.568175118197542
14 10 4.612384038169176
15 11 4.45706546239204
16 12 4.006226725146694
17 13 3.8850850280132967
18 14 3.8960475275097513
19 15 4.074426277438555
20 16 4.3296120735841575
21 17 4.130587092203582
22 18 4.335184567590169
23 19 4.325786742195893
24 20 4.34122388106668
25 21 4.381091654452622
26 22 4.202060825879753
27 23 4.620858948340465
28 24 4.487256521505124
29 25 4.244401696557642
30 26 4.439331519229906
31 27 4.062039495684271
32 28 4.077923911729581
33 29 3.765372849844085
34 30 3.7460905351487
35 31 3.7826144927709424
36 32 3.7074617717941125
37 33 4.004158193308887
38 34 3.994382066067935
39 35 4.3982324516224836
40 36 4.31288930718154
41 37 4.83171504780665
42 38 4.823611215530183
43 39 5.209792819006375
44 40 4.81487353928657
45 41 4.547663161940924
46 42 4.053766886317663
47 43 3.9072727122242252
48 44 3.606465387670153
49 45 3.328063307844241
50 46 3.2030600598944248
51 47 3.1547952378696493
52 48 2.8726748620344114
53 49 2.6140665563860237
54 50 2.653818655601371
55 51 2.691009650472406
56 52 2.40572957755036
57 53 2.1979354169227103
58 54 2.3604441644100977
59 55 2.4122382679111163
60 56 2.188345434876829
61 57 2.2164237842858596
62 58 2.444847215584601
63 59 2.451339108579318
64 60 2.7061928184452717
65 61 2.6375534467775297
66 62 2.5014817872079473
67 63 2.709458142633532
68 64 2.778070955280588
69 65 2.8444311806220983
70 66 3.1191941251039914
71 67 3.254024723405284
72 68 3.3823338888427896
73 69 3.8464075746774227
74 70 4.1547652461862
75 71 4.583474785390895
76 72 5.0281195180359655
77 73 4.705427655654494
78 74 4.368964159419566
79 75 3.874575752735382
80 76 3.8128875043454147
81 77 3.374989312517335
82 78 3.3634351038020367
83 79 3.1847190510568413
84 80 3.36177612485259
85 81 3.688571873341376
86 82 3.8460451597588645
87 83 3.866892858273712
88 84 3.661586230596948
89 85 3.6822069362099628
90 86 3.9887861089098107
91 87 4.2550624981532295
92 88 4.222761363324191
93 89 4.228903856728743
94 90 4.619683657768959
95 91 4.804003949566071
96 92 4.868754232665162
97 93 5.160170446934874
98 94 5.034091975613023
99 95 4.87868518527268
100 96 4.464550484898954
101 97 4.537721359871084
102 98 4.419172910835699
103 99 4.542796380246986
104 100 4.3696738859835085
105 101 4.061185159210933
106 102 3.8814049007757965
107 103 3.7144490870472513
108 104 3.55467876598855
109 105 3.3554678694971356
110 106 3.318299097497314
111 107 3.1674333725815327
112 108 2.9721116268867105
113 109 2.857834229284543
114 110 2.840728162229433
115 111 2.673816339325806
116 112 2.5017588687011716
117 113 2.4890855888703616
118 114 2.498368996725887
119 115 2.2963316538704195
120 116 2.1562602466451497
121 117 2.247682552724017
122 118 2.214080110406381
123 119 1.9899117971178135
124 120 2.0327633744851568
125 121 2.053742000400673
126 122 2.31651637107364
127 123 2.421050311139272
128 124 2.7243355059303966
129 125 2.9484720632901964
130 126 2.9951697423348547
131 127 3.357861123721395
132 128 3.487883825881201
133 129 3.612989406744899
134 130 3.3069501230702545
135 131 3.1419385122494585
136 132 3.29940319479206
137 133 3.37846676689292
138 134 3.536029906763734
139 135 3.643395840005289
140 136 3.8297460861774884
141 137 3.6179069759371902
142 138 3.2593589167528623
143 139 3.0747969890491937
144 140 2.815733714190144
145 141 2.6967691891577035
146 142 2.7792001534192017
147 143 2.896980855204645
148 144 2.6011498921969234
149 145 2.8573335252890493
150 146 2.8591990174970072
151 147 2.554452224118446
152 148 2.3249643884723326
153 149 2.0845526122999645
154 150 2.2441942766264793
155 151 2.2627979080570086
156 152 2.5093505092897055
157 153 2.831428383931335
158 154 3.088030614493168
159 155 2.8186088195045285
160 156 2.9974779832526157
161 157 2.879525614686506
162 158 4.581376273584354
163 159 3.336703172795882
164 160 3.4878451949855176
165 161 3.1802607496602286
166 162 3.270075935489123
167 163 3.6776810376099527
168 164 3.9955713084038353
169 165 3.9909559514144117
170 166 3.608163038264202
171 167 3.5643608752516873
172 168 3.5556994032968365
173 169 3.9453332094314035
174 170 3.758709010709499
175 171 3.6665042162821373
176 172 4.104502217265609
177 173 4.2877566466199
178 174 4.036693804053547
179 175 3.7805866996159625
180 176 3.474478564646965
181 177 3.205955721477166
182 178 3.0904831301362643
183 179 2.8370669182891395
184 180 2.6083871028928525
185 181 2.934066507157084
186 182 3.013594789471401
187 183 2.839312871208687
188 184 3.0483285604949497
189 185 3.3559363038395236
190 186 3.2244613328559804
191 187 3.148504987384525
192 188 3.457882648404131
193 189 3.674346139810945
194 190 3.572819085727566
195 191 3.6971006457909996
196 192 4.026179168651241
197 193 4.07999601959857
198 194 4.0263937653657935
199 195 4.313026860617726
200 196 4.597927777681473
201 197 4.509535519927579
202 198 4.576393861335552
203 199 4.374236862349517
204 200 4.306212244631792
205 201 4.496091831497454
206 202 4.594354469742681
207 203 4.747777596440293
208 204 5.026664134247267
209 205 4.917198247794272
210 206 4.572417897022425
211 207 4.862114109551417
212 208 4.984567995421287
213 209 4.555534125763698
214 210 4.677903192528445
215 211 5.123942789359177
216 212 4.989205013054871
217 213 4.6711417488091955
218 214 5.039474727179193
219 215 5.3460419247659825
220 216 5.066933041535357
221 217 4.779150911510765
222 218 5.0578165528442955
223 219 4.984261255642132
224 220 4.787332364771906
225 221 5.223450263167024
226 222 5.302253482121643
227 223 5.397444538027387
228 224 4.928425590236359
229 225 4.644177532090946
230 226 4.6984121647417885
231 227 4.9505519161088305
232 228 4.659739380684893
233 229 5.1104645162271725
234 230 4.907197736061785
235 231 4.6216599769730395
236 232 4.954370691949658
237 233 4.8996697150939355
238 234 5.196365735453195
239 235 5.650587052695759
240 236 5.452867645781805
241 237 5.608219367563875
242 238 5.920209159484973
243 239 6.096267085737842
244 240 5.80734113237203
245 241 5.949544807836404
246 242 5.667248414243226
247 243 5.732224527418482
248 244 5.635613726702401
249 245 5.189930010185168
250 246 5.136014319699668
251 247 5.548774735327818
252 248 5.7235738335685316
253 249 5.546702363162105
254 250 5.1485470965427504
255 251 5.415258240558494
256 252 5.594206957880062
257 253 5.179236423127861
258 254 4.916772076734252
259 255 5.008652572815802
260 256 4.913979417444656
261 257 5.052085627859658
262 258 4.7444771628915285
263 259 4.403441133691017
264 260 4.701887073584492
265 261 4.5649544297664395
266 262 4.111387578428456
267 263 4.051016667251924
268 264 4.299667889116685
269 265 3.99472650807591
270 266 3.634198501275241
271 267 3.8798447214917267
272 268 4.081961574082472
273 269 4.205314384478387
274 270 4.077519666084556
275 271 3.617637274561894
276 272 3.760761304235767
277 273 3.9418957380860693
278 274 3.580651256709143
279 275 3.4749275969645876
280 276 3.079706559695827
281 277 2.899547069439602
282 278 2.9960721814419338
283 279 3.3994189803091888
284 280 3.345130612491577
285 281 3.296688666676931
286 282 3.6734004742209465
287 283 3.887432622584078
288 284 4.171574107465775
289 285 4.1122960206940515
290 286 3.927062054833699
291 287 4.309069720152612
292 288 4.590632247658139
293 289 4.690755033960221
294 290 4.442868354075954
295 291 4.063433128860011
296 292 3.7969328037740744
297 293 3.9671991541707836
298 294 3.819042373310639
299 295 4.051016285029234
300 296 4.278328418390526
301 297 4.398394430308654
302 298 4.365148621479408
303 299 4.6557163023390995
304 300 8.963854748235082
305 300 8.963854748235082
306 300 8.963854748235082
